term,estimate,std.error,statistic,p.value,conf.low,conf.high,adjusted_pval
cl_ceramided321,1.021893216901633,1.147518565299203,0.8905243433993466,0.3731844030645639,-1.2272018426758788,3.270988276479145,0.9340841986985903
cl_ceramided331,0.9791063920605407,1.8417906218087987,0.5316056996201735,0.594999116392354,-2.6307368937483355,4.588949677869417,0.9729249335040383
cl_ceramided340,0.16324182394154013,0.8927623096932389,0.1828502639158585,0.8549155084912347,-1.5865401498120018,1.913023797695082,0.9976333431017159
cl_ceramided341,0.5822779981661874,0.9741763280703573,0.5977131463659769,0.5500313520356347,-1.3270725194431885,2.491628515775563,0.9528542680252253
cl_ceramided342,0.1904802091670938,1.144829417116586,0.16638304914180577,0.8678555128468525,-2.053344216823397,2.4343046351575848,0.9976333431017159
cl_ceramided361,0.6175546102050093,0.9910316063185332,0.6231432037764066,0.5331904208881817,-1.3248316457201927,2.559940866130211,0.9528542680252253
cl_ceramided381,0.698392576175087,1.0165919812344901,0.6869939848699177,0.49208651894880256,-1.2940910940167316,2.690876246366906,0.9377956150925633
cl_ceramided391,0.9126086206039975,1.2684187879204187,0.7194852593599828,0.47184198139014244,-1.5734465210339716,3.398663762241967,0.9340841986985903
cl_ceramided400,-0.10309968574232127,1.075257608266244,-0.09588370726207669,0.9236129346748388,-2.210565872046837,2.004366500562194,0.9976333431017159
cl_ceramided401,0.27246144864106153,1.108527960005557,0.24578671758508974,0.8058473395518555,-1.9002134288254875,2.4451363261076104,0.9976333431017159
cl_ceramided402,0.7741723425403622,0.5782625601024473,1.3387903626394329,0.18063892906571724,-0.3592014488683625,1.907546133949087,0.9340841986985903
cl_ceramided411,1.8622490704299797,1.1444282459836133,1.627230957437103,0.10368805517130238,-0.3807890745882474,4.1052872154482065,0.9340841986985903
cl_ceramided420,-0.5082870705778636,0.9158141673853868,-0.5550111460155754,0.5788870366432043,-2.3032498551847578,1.2866757140290308,0.9655612223062581
cl_ceramided421,0.18053962429836676,1.07170706447248,0.1684598621053531,0.8662215177587721,-1.9199676240448391,2.2810468726415727,0.9976333431017159
cl_ceramided422a,1.123219085307495,0.9812256630833049,1.1447102614275337,0.2523291993006094,-0.7999478750422155,3.0463860456572056,0.9340841986985903
cl_ceramided422b,-0.7577994148913971,0.9962177278482441,-0.7606765004354894,0.44685031421554317,-2.7103502822342804,1.1947514524514862,0.9340841986985903
cl_ceramided431,0.2835155034933989,0.7260776360062456,0.3904754663053141,0.6961849934250253,-1.139570513058825,1.7066015200456228,0.9976333431017159
cl_ceramided441,-0.018379938021872537,1.0134002107136717,-0.01813689974361535,0.9855296410486023,-2.0046078529459703,1.9678479769022255,0.9976333431017159
cl_fa100capricacid,0.8814540438046303,0.5693431154270329,1.5481947878538942,0.12157540592603934,-0.23443795727818467,1.9973460448874454,0.9340841986985903
cl_fa110undecylicacid,0.7974121306915047,0.7711330862637008,1.0340784812581851,0.30109947522633773,-0.7139809456725672,2.3088052070555767,0.9340841986985903
cl_fa120lauricacid,0.9314868620035159,0.6235325419776568,1.4938865244292159,0.13520528116467562,-0.29061446346140046,2.1535881874684324,0.9340841986985903
cl_fa130tridecylicacid,0.07494171479122003,1.1407480989611396,0.06569523531046706,0.9476204658916593,-2.160883474605147,2.3107669041875867,0.9976333431017159
cl_fa140myristicacid,-0.30174709149829093,1.0515112478637951,-0.2869651581105835,0.7741389985080317,-2.3626712666500986,1.7591770836535168,0.9976333431017159
cl_fa141physetericacid,0.4123707661375141,0.6040406912977002,0.682687064097604,0.49480460554576966,-0.771527234002655,1.5962687662776833,0.9377956150925633
cl_fa150pentadecylicacid,-1.0746031588665605,0.9917201067771992,-1.0835750445341952,0.27855326063929503,-3.0183388508940876,0.8691325331609663,0.9340841986985903
cl_fa151,-0.9246267760016069,0.8391982866354666,-1.1017977404465902,0.27054961294081026,-2.5694251936948422,0.7201716416916282,0.9340841986985903
cl_fa161palmitoleicacid,0.20819503580785462,0.6905745599631166,0.30148089413976425,0.7630478169563638,-1.1453062303594495,1.5616963019751586,0.9976333431017159
cl_fa181oleicacid,-0.30619570286915393,1.096393662174251,-0.2792753309627304,0.7800335364541253,-2.45508779360866,1.8426963878703522,0.9976333431017159
cl_fa182linoleicacid,-1.186778632132404,0.7284906916728628,-1.6290923764683334,0.10329346484634495,-2.614594150883888,0.24103688661907977,0.9340841986985903
cl_fa183linolenicacid,-0.706600760811107,0.5506337167810078,-1.2832500794573187,0.19940447595321853,-1.7858230143753104,0.3726214927530966,0.9340841986985903
cl_fa201eicosenoicacid,-0.698078187172141,1.4479051780119274,-0.48212976773150984,0.6297137645779006,-3.535920189104574,2.139763814760292,0.9800804902715744
cl_fa202eicosadienoicacid,-2.187985413407005,0.9828300178395023,-2.2262093888999495,0.026000159370699553,-4.114296851297288,-0.26167397551672217,0.9340841986985903
cl_fa203eicosatrienoicacid,-0.3297204267465404,0.7031440316904264,-0.4689230255625729,0.6391246572745952,-1.7078574048040662,1.0484165513109855,0.9800804902715744
cl_fa203homogammalinolenicacid,-0.8717054007882947,0.7237346353503674,-1.2044544480951822,0.22841397818154147,-2.2901992204392436,0.5467884188626542,0.9340841986985903
cl_fa204arachidonicacid,-0.38123819779782475,0.6273419030743685,-0.607704022207856,0.5433837948877726,-1.6108057338164041,0.8483293382207545,0.9528542680252253
cl_fa205eicosapentaenoicacid,0.5317095821251253,0.5855127162231758,0.9081093670431186,0.36382044200790153,-0.6158742541625201,1.6792934184127706,0.9340841986985903
cl_fa222docosadienoicacid,-1.0547367293958485,1.3717097830251879,-0.7689211977986462,0.44194009257341155,-3.743238501366468,1.633765042574771,0.9340841986985903
cl_fa226docosahexaenoicacid,-0.5672643706665498,0.7345630190340333,-0.7722473851358799,0.4399679213311697,-2.006981432348265,0.8724526910151655,0.9340841986985903
cl_fa240lignocericacid,-0.1877819554303079,1.1429565766650323,-0.1642949165909926,0.8694989832922034,-2.427935681586964,2.052371770726348,0.9976333431017159
cl_fa241nervonicacid,0.10875013100881602,1.8839030040146354,0.05772597144177131,0.9539669059673528,-3.5836319072266853,3.801132169244317,0.9976333431017159
cl_fa80caprylicacid,0.8281446966599896,0.5270056087913328,1.571415337607711,0.11608620565292152,-0.20476731622162775,1.8610567095416068,0.9340841986985903
cl_fa206,-0.13718349795108173,0.2918744631274064,-0.47000856628967785,0.6383488973861998,-0.7092469336877621,0.43487993778559864,0.9800804902715744
cl_glc_cerd381,0.2651827248752024,1.123523631480052,0.23602772335626718,0.8134111577076929,-1.9368831286053512,2.467248578355756,0.9976333431017159
cl_glc_cerd401,0.4256283671385118,1.076559125153677,0.39535995487266345,0.6925772581472708,-1.6843887453906432,2.5356454796676666,0.9976333431017159
cl_glc_cerd411,2.00814060078629,1.1872292048016397,1.6914514844012845,0.09075060635347747,-0.3187858820190512,4.335067083591632,0.9340841986985903
cl_glc_cerd421,0.2733342416073999,1.044137837022689,0.2617798454529719,0.7934911783548296,-1.7731383138526227,2.3198067970674225,0.9976333431017159
cl_glc_cerd422,1.2187038831134407,1.0677999286398148,1.1413223118172058,0.2537358205924683,-0.8741455197150354,3.311553285941917,0.9340841986985903
cl_glc_cerd1414e2002oh,1.8649318912522286,0.9579324203410841,1.946830331296435,0.051555079301710806,-0.012581152239579995,3.742444934744037,0.9340841986985903
cl_lpc140,-0.057402215568948034,0.8962488431565655,-0.06404718511744896,0.948932655614192,-1.8140176693415035,1.6992132382036076,0.9976333431017159
cl_lpc160,0.5535344341884814,1.3309045246411226,0.4159084471801172,0.6774769980663936,-2.0549905009695193,3.1620593693464825,0.9918246109575185
cl_lpc161,-0.02614567388305134,0.7910321375919275,-0.033052606386694244,0.9736326367037615,-1.5765401741769616,1.5242488264108587,0.9976333431017159
cl_lpc180a,0.4334218869863529,1.1835511706093083,0.3662046033575561,0.7142124074445216,-1.8862957812681116,2.7531395552408173,0.9976333431017159
cl_lpc180b,0.6514121776277675,1.1751684418437693,0.5543138791284598,0.5793640534037662,-1.651875644154073,2.954699999409608,0.9655612223062581
cl_lpc181,0.7145811678913577,1.1975744517181401,0.5966903910367828,0.5507141091705045,-1.6326216262814985,3.0617839620642138,0.9528542680252253
cl_lpc182,-0.3960266286624873,1.0779456138642924,-0.3673901758761133,0.713327998547334,-2.5087612091294202,1.7167079518044455,0.9976333431017159
cl_lpc201,0.9155363432546614,1.2420648696485412,0.7371083150542085,0.46105648297019497,-1.5188660677189159,3.349938754228239,0.9340841986985903
cl_lpc202,-1.6520593619557082,1.2866108274306336,-1.284039685298527,0.19912807004758384,-4.1737702458390284,0.8696515219276119,0.9340841986985903
cl_lpc203,-0.6519059764561765,1.0438571273371304,-0.6245164777666293,0.5322884522899402,-2.697828351042393,1.3940163981300397,0.9528542680252253
cl_lpc225,1.1279186633417435,1.044328071048483,1.0800424642510444,0.2801232709830142,-0.9189267439574693,3.1747640706409563,0.9340841986985903
cl_lpc204,-0.7167174800925353,0.9873996558081871,-0.7258636114329022,0.4679223859832822,-2.651985243823827,1.2185502836387565,0.9340841986985903
cl_lpe160,0.7588327087855209,1.0831086968563564,0.7006062373868636,0.48354878477328267,-1.3640213283950482,2.88168674596609,0.9340841986985903
cl_lpe182,0.06302623643597714,0.8490205544578039,0.07423405252682788,0.9408241505927644,-1.6010234724355459,1.7270759453075,0.9976333431017159
cl_lpe204,0.15442526397945483,0.7901079687310839,0.19544830591629436,0.8450420030647036,-1.3941578986315686,1.7030084265904781,0.9976333431017159
cl_lpe226,0.770738282778256,0.8008307428446888,0.962423445484199,0.3358369411539065,-0.7988611309097914,2.340337696466303,0.9340841986985903
cl_pc320,1.4532027413892634,1.2541126384673524,1.1587497779826368,0.24655819411615015,-1.0048128625632482,3.911218345341775,0.9340841986985903
cl_pc321,0.6499837190481679,0.8664568835789059,0.7501627967492228,0.4531566623496123,-1.048240566923302,2.3482080050196377,0.9340841986985903
cl_pc322,1.345685635936511,1.1742912502209748,1.1459556014602712,0.25181352323121875,-0.9558829218571119,3.647254193730134,0.9340841986985903
cl_pc331,0.81527442445139,1.1181994900987553,0.7290956861189303,0.4659431332392941,-1.3763563036732225,3.0069051525760027,0.9340841986985903
cl_pc332,1.0841375722967987,1.0723987738378513,1.0109462997770289,0.31204213239952294,-1.0177254014903043,3.1860005460839016,0.9340841986985903
cl_pc340,0.7223395476372756,1.5630111856357471,0.4621461153161662,0.643976541902523,-2.341106083642037,3.785785178916588,0.9800804902715744
cl_pc341,1.8027873979616074,1.6791595928868843,1.073624809457317,0.28299087353948676,-1.4883049283916245,5.0938797243148395,0.9340841986985903
cl_pc342,1.98131695667229,1.4282122352374917,1.3872706785366704,0.1653592405523249,-0.8179275866726408,4.780561500017221,0.9340841986985903
cl_pc343,1.8563403468884736,1.1420993505747663,1.6253755384365314,0.10408256481368554,-0.38213324700465295,4.0948139407816,0.9340841986985903
cl_pc344,0.17027447345505695,1.3725931287602533,0.12405312972013156,0.9012732084740357,-2.519958624342188,2.860507571252302,0.9976333431017159
cl_pc351,0.4544390407207317,1.3317010165336904,0.3412470480075172,0.7329176073999776,-2.1556469898606796,3.0645250713021435,0.9976333431017159
cl_pc352,1.0566539631959337,1.1783733701490788,0.8967055688489073,0.3698760482651794,-1.2529154026373461,3.3662233290292134,0.9340841986985903
cl_pc354,0.08868518149900768,1.1630268369662666,0.07625377048937348,0.9392172045104923,-2.1908055320084117,2.368175895006427,0.9976333431017159
cl_pc361,1.1364610745237433,1.4380532646848503,0.7902774552462764,0.42936575012523204,-1.6820715321088082,3.954993681156295,0.9340841986985903
cl_pc362,2.438713098648781,1.6698349455148755,1.4604515884633318,0.14416600339391994,-0.8341032546867777,5.71152945198434,0.9340841986985903
cl_pc363a,0.7068709692851637,1.6207103205090365,0.43614886654337337,0.6627287244744136,-2.469662888284915,3.883404826855242,0.9846580854192837
cl_pc364a,1.2784021489886612,1.1182367008520298,1.1432303626008653,0.25294295909803477,-0.9133015108722069,3.4701058088495293,0.9340841986985903
cl_pc364b,0.7620790627039493,1.665743664490487,0.4575008021639703,0.6473111258519196,-2.502718527173176,4.026876652581074,0.9800804902715744
cl_pc365a,1.8098382143126757,1.2403824446882057,1.4590969277766694,0.14453843170942443,-0.6212667043319525,4.2409431329573035,0.9340841986985903
cl_pc365b,1.4938508113062043,0.5855696529817429,2.5511069497872016,0.010738136839876749,0.346155381022371,2.6415462415900377,0.9340841986985903
cl_pc372,0.14450183730096847,0.9621168328050487,0.1501915696451062,0.8806134769011165,-1.7412125039166713,2.030216178518608,0.9976333431017159
cl_pc374,-0.16098164411199123,1.1208644128476037,-0.14362276316990966,0.8857983646055176,-2.3578355248459286,2.035872236621946,0.9976333431017159
cl_pc382,-0.7718003813529919,1.2757432551757766,-0.6049809616643048,0.5451916466899727,-3.272211215017405,1.7286104523114216,0.9528542680252253
cl_pc383,0.18771923348824465,1.4465312199515306,0.12977198894783248,0.8967468250589894,-2.6474298601295416,3.022868327106031,0.9976333431017159
cl_pc384a,0.3127164096881155,1.4221232103467976,0.21989403408432998,0.8259536827171201,-2.4745938641700866,3.1000266835463175,0.9976333431017159
cl_pc385a,4.039500318363179,1.609743954834702,2.509405490376871,0.012093457224698017,0.8844601425560926,7.1945404941702655,0.9340841986985903
cl_pc385b,1.38432450521103,1.0848749743456003,1.2760221573421937,0.20194768664445353,-0.7419913722351612,3.510640382657221,0.9340841986985903
cl_pc386,1.4554720783440538,1.1826053233264044,1.2307335758054396,0.21842252602525802,-0.8623917633010443,3.773335919989152,0.9340841986985903
cl_pc404,-0.8692530312823704,1.0239886844114698,-0.8488892939104765,0.3959428967216288,-2.8762339733054025,1.1377279107406615,0.9340841986985903
cl_pc405a,0.9173950340791278,0.8034117233574184,1.141874094449828,0.2535063580942375,-0.6572630084586693,2.4920530766169247,0.9340841986985903
cl_pc405b,-0.9935295157472586,0.6917080136880897,-1.4363423526784072,0.15090494807710597,-2.349252310393653,0.36219327889913555,0.9340841986985903
cl_pc406a,-0.3326998301638269,1.4528205119830413,-0.22900270709263673,0.8188668120775977,-3.180175709651629,2.5147760493239755,0.9976333431017159
cl_pc406b,0.8274125251059332,1.0314376904895857,0.8021934167571391,0.422441083902834,-1.1941682005508256,2.848993250762692,0.9340841986985903
cl_pc407,2.0720142115327143,1.143040649828537,1.8127213689587758,0.06987480692124835,-0.16830429499647748,4.312332718061906,0.9340841986985903
cl_pc408,0.28586773275824906,1.0811014186795784,0.2644226784082834,0.7914542383778975,-1.8330521114888823,2.40478757700538,0.9976333431017159
cl_p_co320,0.03134502196581157,1.38340568528015,0.02265786695785045,0.9819231844962203,-2.6800802971912345,2.7427703411228572,0.9976333431017159
cl_p_cp320or_p_co321,0.9367006776514554,1.2418131607533618,0.7543008137256284,0.450668613832638,-1.4972083929529818,3.3706097482558928,0.9340841986985903
cl_p_cp340or_p_co341,1.2229071092864139,1.3295592921960118,0.919783808412604,0.35768574626430427,-1.3829812187283346,3.8287954373011623,0.9340841986985903
cl_p_cp341or_p_co342a,-1.132380070967868,1.334356840378261,-0.848633616362219,0.3960851953286698,-3.747671420633921,1.482911278698185,0.9340841986985903
cl_p_cp341or_p_co342b,2.1156974981357366,1.3750146362090885,1.5386727111274312,0.12388421760648,-0.5792816670495208,4.810676663320994,0.9340841986985903
cl_p_cp342or_p_co343,0.4676348485109048,1.1899183105543547,0.3929974388687614,0.6943213730063749,-1.8645621847203773,2.799831881742187,0.9976333431017159
cl_p_cp361or_p_co362,0.8685471403830579,0.590682482504093,1.4704128971304637,0.14144996045893773,-0.2891692516236749,2.0262635323897906,0.9340841986985903
cl_p_cp363or_p_co364,0.039480622831752535,1.3918170302283963,0.02836624496919239,0.9773700459740562,-2.6884306294853992,2.7673918751489044,0.9976333431017159
cl_p_cp364or_p_co365,0.6262679571742009,1.2698406928647188,0.4931862403632388,0.6218809992725441,-1.8625740669440358,3.115109981292438,0.9800804902715744
cl_p_cp383or_p_co384,-0.4148518651292226,1.340100049920019,-0.3095678305168201,0.7568896228158281,-3.041399698652788,2.2116959683943427,0.9976333431017159
cl_p_cp384or_p_co385a,2.195963185952459,1.498634585522482,1.4653092936507008,0.14283655207019935,-0.7413066276577167,5.133232999562635,0.9340841986985903
cl_p_cp384or_p_co385b,1.1950825686392306,1.2664942641145918,0.9436146712237301,0.34536659227869143,-1.2872005756519278,3.677365712930389,0.9340841986985903
cl_p_cp385or_p_co386,1.434090175973867,1.1980947445914214,1.196975600175031,0.23131606523266307,-0.9141323734920332,3.782312725439767,0.9340841986985903
cl_p_cp401or_p_co402,1.4513022500380266,1.3345819455406627,1.0874583272217717,0.2768343059433084,-1.1644302976390672,4.06703479771512,0.9340841986985903
cl_p_cp403or_p_co404,-0.8394925446694602,1.165883036254152,-0.7200486828993182,0.4714950218999939,-3.1245813059138032,1.445596216574883,0.9340841986985903
cl_p_cp404or_p_co405,1.2243845301923537,1.2973900561267768,0.9437289305635859,0.3453081861288898,-1.3184532537165277,3.767222314101235,0.9340841986985903
cl_p_cp424or_p_co425,-0.12235480301735081,0.9834245380561566,-0.12441707348405005,0.9009850556948802,-2.049831479120357,1.8051218730856553,0.9976333431017159
cl_p_cp425or_p_co426,-1.562607197319942,1.1281280412691939,-1.3851328396747766,0.16601185197314758,-3.7736975281572773,0.6484831335173933,0.9340841986985903
cl_p_cp444or_p_co445,-0.17937864777200804,1.0742998512965303,-0.1669726078389781,0.8673916021035472,-2.284967664909942,1.9262103693659263,0.9976333431017159
cl_pc384e_pc160e224,-0.11110368828730861,1.13568759336704,-0.09782944617534559,0.922067724862831,-2.3370104689756763,2.1148030924010595,0.9976333431017159
cl_pe341,0.15825091574611988,0.5434481873039891,0.29119779850806443,0.7709000461912929,-0.906887958833276,1.2233897903255158,0.9976333431017159
cl_pe342,0.955991833323697,0.8349039165753729,1.1450321580056841,0.2521958364100107,-0.6803897737154674,2.592373440362861,0.9340841986985903
cl_pe361,1.8766044611932133,1.6695136554617374,1.1240425947125308,0.26099495641979764,-1.3955821752096038,5.14879109759603,0.9340841986985903
cl_pe362,1.2997871036170403,0.8602790529169235,1.5108900992182588,0.13081645380259121,-0.3863288567543568,2.985903063988437,0.9340841986985903
cl_pe363,0.5593692125287988,0.745619468020437,0.7502073598130177,0.4531298268621307,-0.9020180909631719,2.0207565160207697,0.9340841986985903
cl_pe364,0.7317368189381657,0.8815495694391026,0.8300574854840469,0.40650628277324086,-0.9960685877492664,2.459542225625598,0.9340841986985903
cl_pe382,2.461358786741329,1.6837964184334049,1.4617911998122457,0.14379843636973216,-0.8388215506856787,5.761539124168337,0.9340841986985903
cl_pe384a,0.8459386470234821,1.6994485873046767,0.4977724265051994,0.618644452747583,-2.484919377671157,4.1767966717181215,0.9800804902715744
cl_pe384b,0.20472901435947574,0.931304414824299,0.21983039176089395,0.8260032493390735,-1.6205940973393003,2.030052126058252,0.9976333431017159
cl_pe386,2.216177256781948,0.9674921451802282,2.290641084604475,0.021984180678020895,0.3199274969033041,4.112427016660592,0.9340841986985903
cl_pe406,1.617349464428411,1.3029517244695408,1.2412965377415408,0.21449622324067677,-0.9363889891262442,4.171087917983066,0.9340841986985903
cl_p_ep341or_p_eo342,-0.2468195573203729,0.8270736036977814,-0.2984251416280993,0.765378702531297,-1.8678540331317777,1.374214918491032,0.9976333431017159
cl_p_ep342or_p_eo343,-0.021734268771680384,0.8548905727908082,-0.0254234512151987,0.9797172057869356,-1.6972890021644815,1.6538204646211208,0.9976333431017159
cl_p_ep361or_p_eo362,-0.21262512112236978,0.6390559528929065,-0.33271753460686665,0.7393475122616736,-1.4651517728983916,1.039901530653652,0.9976333431017159
cl_p_ep362or_p_eo363,-0.40583093541522136,0.45204114553845476,-0.8977743274493531,0.36930587405660087,-1.2918153002008215,0.48015342937037875,0.9340841986985903
cl_p_ep364or_p_eo365,-0.7772431666346877,0.7184634648335106,-1.0818130700839437,0.2793355977728616,-2.1854056819162277,0.6309193486468525,0.9340841986985903
cl_p_ep365or_p_eo366,0.5931532914260133,0.7113188032472064,0.833878267688466,0.40434958476212024,-0.8010059444646439,1.9873125273166705,0.9340841986985903
cl_p_ep383or_p_eo384,-0.27731822568804576,0.7917481353056585,-0.3502606615940884,0.726143085080145,-1.8291160557138817,1.2744796043377902,0.9976333431017159
cl_p_ep384or_p_eo385,-0.6284279669717339,0.7216496019833634,-0.8708214696503379,0.38385164062366756,-2.0428351963167906,0.7859792623733227,0.9340841986985903
cl_p_ep385or_p_eo386,-0.04950441869653942,0.9091343145994708,-0.05445226068531924,0.9565748425757437,-1.831374932421009,1.73236609502793,0.9976333431017159
cl_p_ep386or_p_eo387,1.8832625450548726,1.334410173746858,1.4113070944047925,0.15815408353102128,-0.7321333360928048,4.4986584262025495,0.9340841986985903
cl_p_ep404or_p_eo405,-0.24403517043505848,0.4028498503838337,-0.6057720269786442,0.5446661474115899,-1.0336063683647216,0.5455360274946046,0.9528542680252253
cl_p_ep405or_p_eo406,0.29818913748742437,0.8709995744997373,0.342352793523109,0.7320854096684679,-1.408938659081772,2.005316934056621,0.9976333431017159
cl_p_ep406or_p_eo407,1.089421606586856,1.121999735188788,0.9709642279046969,0.3315660923814431,-1.109657465046646,3.288500678220358,0.9340841986985903
cl_p_ep407or_p_eo408,2.3802366660249343,1.2780759739500973,1.8623592920446144,0.06255246309736762,-0.1247462124232079,4.885219544473077,0.9340841986985903
cl_pe385pe160225,0.36842053807954483,0.7985435105704927,0.4613656403222651,0.644536298522969,-1.1966959827268002,1.93353705888589,0.9800804902715744
cl_pe385pe181204,0.9670040270387117,0.9109768292479197,1.061502330237144,0.2884616744840721,-0.8184777490377051,2.7524858031151282,0.9340841986985903
cl_pe385e_pe161e224,-0.8843637584792039,0.8235088469003728,-1.073897095104545,0.2828688054444102,-2.4984114393540438,0.729683922395636,0.9340841986985903
cl_pe405e_pe181e224,-0.3879553561013282,0.65615834480772,-0.5912526437730732,0.5543511545292534,-1.6740020800798734,0.8980913678772169,0.9557093380952362
cl_pi342pi160182,0.9494211983149099,1.0081439547441113,0.9417516157758378,0.3463198220803422,-1.026504644215326,2.925347040845146,0.9340841986985903
cl_pi364pi160204,0.20048423197228948,1.2741574598889018,0.15734651193720625,0.8749717655339895,-2.2968185000429964,2.697786963987575,0.9976333431017159
cl_pi384pi180204,0.05705065237906182,1.629876413104685,0.035003054170462136,0.972077305491285,-3.137448416557447,3.2515497213155706,0.9976333431017159
cl_pi385pi181204,0.8075030774350482,1.0142330511458613,0.7961711329785068,0.4259325736253605,-1.18035717474101,2.7953633296111065,0.9340841986985903
cl_pi386pi160226,1.4399693081609133,1.0629375227677313,1.35470738149449,0.17551080516975484,-0.6433499542800636,3.52328857060189,0.9340841986985903
cl_ps384ps180204,-0.4655674818483411,0.4413281303542274,-1.0549236493822822,0.2914602451929566,-1.330554722707025,0.3994197590103426,0.9340841986985903
cl_ps406ps180226,-0.09263275110769792,0.49345750560265184,-0.1877218403934641,0.8510947084764598,-1.0597916899898672,0.8745261877744713,0.9976333431017159
cl_s_md301,0.061163705322375764,1.0472160252658846,0.0584060058733789,0.9534252309458782,-1.991341988231945,2.1136693988766964,0.9976333431017159
cl_s_md320,2.115805550067099,1.4434442659651152,1.4658034258443846,0.1427018474992437,-0.7132932249153812,4.944904325049579,0.9340841986985903
cl_s_md321,2.471282485033423,1.6472614623057675,1.5002369335917236,0.13355303930492973,-0.7572906542066642,5.699855624273511,0.9340841986985903
cl_s_md322,0.6322355207175905,1.5727496438647144,0.4019937459111416,0.6876886289760359,-2.4502971379554452,3.714768179390626,0.9976333431017159
cl_s_md331,2.6549521546790444,1.5871210884455598,1.6728100798404284,0.09436468990826836,-0.45574801777826174,5.765652327136351,0.9340841986985903
cl_s_md340,2.419110727365373,1.5057381568932962,1.6065945571550013,0.10814333727063281,-0.5320818302932079,5.3703032850239545,0.9340841986985903
cl_s_md341,3.200341935133583,1.8962020711464613,1.6877641807439998,0.09145650603829447,-0.5161458317237376,6.9168297019909035,0.9340841986985903
cl_s_md342,1.6187722432930747,1.722879534740676,0.9395736676022034,0.3474362885393972,-1.7580095944997745,4.995554081085924,0.9340841986985903
cl_s_md360,1.7459158727330084,1.1611090377442648,1.5036622883625748,0.1326683440222008,-0.5298160233697083,4.0216477688357255,0.9340841986985903
cl_s_md361,1.963417784511107,1.5356260226252512,1.2785780884036586,0.20104567010061566,-1.046353913556875,4.973189482579089,0.9340841986985903
cl_s_md362,0.6942757728953527,1.4795810345418268,0.46923808611154916,0.6388994648629737,-2.2056497670151405,3.594201312805846,0.9800804902715744
cl_s_md363,2.2009767377452696,1.3021507857191836,1.690262573185532,0.09097773196825061,-0.3511919047048631,4.753145380195402,0.9340841986985903
cl_s_md371,2.613121343004846,1.4084783419375086,1.8552797477952165,0.06355628870126868,-0.14744548019736167,5.373688166207053,0.9340841986985903
cl_s_md380,1.1507475032528567,1.3048174299829371,0.8819222343373393,0.37781886238049533,-1.4066476659138134,3.7081426724195268,0.9340841986985903
cl_s_md381,2.2341011093378613,1.6717690943269992,1.3363694286005683,0.18142855360253737,-1.0425061060102006,5.510708324685924,0.9340841986985903
cl_s_md382,0.13389959202603297,1.3747113456988422,0.09740196910789614,0.9224071810440755,-2.5604851346822888,2.828284318734355,0.9976333431017159
cl_s_md391,2.0065774787736927,1.4008694427526323,1.4323800759269023,0.15203507742100691,-0.7390761760641609,4.752231133611547,0.9340841986985903
cl_s_md392,1.6216875029380844,1.1109133963052042,1.459778510486657,0.14435095641950924,-0.5556627437631876,3.799037749639356,0.9340841986985903
cl_s_md400,-0.2082760748723487,1.2065834881709228,-0.1726163808093192,0.8629529751606706,-2.5731362560280675,2.1565841062833697,0.9976333431017159
cl_s_md401,0.7080831869723094,1.7025189858927814,0.4159032544362486,0.6774807979941314,-2.6287927083731977,4.044959082317817,0.9918246109575185
cl_s_md402a,1.3761562489917423,1.0507577646892867,1.309679828441408,0.19030417027029917,-0.6832911262750723,3.435603624258557,0.9340841986985903
cl_s_md402b,-0.6949118164907757,1.5119211219384057,-0.45962173979013027,0.6457877519503434,-3.6582227629554414,2.26839912997389,0.9800804902715744
cl_s_md403,1.6527610604762786,1.4031766106137602,1.177871016360049,0.2388480314225934,-1.097414560275674,4.402936681228232,0.9340841986985903
cl_s_md411,2.2275625923197304,1.2609622141195276,1.7665577662651342,0.07730231925270205,-0.243877933220427,4.699003117859888,0.9340841986985903
cl_s_md412,1.2327110690095062,1.0880851830402936,1.132917797451394,0.2572487753214214,-0.8998967018611412,3.3653188398801537,0.9340841986985903
cl_s_md420,-0.7680245954044941,1.1166254549107213,-0.6878086040640196,0.4915733171588821,-2.9565702712501616,1.4205210804411732,0.9377956150925633
cl_s_md421,-0.2982468794633881,1.4366053456573178,-0.207605297004464,0.8355371680685028,-3.113941616949446,2.5174478580226696,0.9976333431017159
cl_s_md422a,3.010255219734514,1.6381907157311566,1.8375486998111683,0.06612893405500109,-0.20053958290644583,6.221050022375474,0.9340841986985903
cl_s_md422b,-0.4012355712984932,1.3962505172478945,-0.28736646206538635,0.773831738084794,-3.137836298499787,2.335365155902801,0.9976333431017159
cl_s_md423,2.0440136881180666,1.6939585212591222,1.2066491962263326,0.22756727202428548,-1.2760840048545394,5.364111381090673,0.9340841986985903
cl_s_md431,0.23665168393167704,0.8120239664560964,0.29143435872280016,0.7707191399488187,-1.3548860449056326,1.8281894127689866,0.9976333431017159
cl_s_md432,1.4816092330462207,1.1256149407364207,1.3162664952518264,0.18808461217580805,-0.7245555112573507,3.687773977349792,0.9340841986985903
cl_s_md442,1.3908006658808345,1.3261871044344735,1.0487213012630778,0.2943064074411514,-1.2084782955721924,3.9900796273338615,0.9340841986985903
cl_s_md421s_md231190,1.1580140467230091,1.0567773573215908,1.0957975572622065,0.2731673777341499,-0.9132315133047242,3.2292596067507424,0.9340841986985903
cl_ac100,0.20640310625845198,0.3211036010020251,0.6427928731236815,0.5203585081948532,-0.4229483870116367,0.8357545995285407,0.9528542680252253
cl_ac101,0.09608819746440656,0.6211798822538469,0.1546865895201993,0.8770684027457706,-1.1214019996739646,1.3135783946027777,0.9976333431017159
cl_ac120,-0.23284734182486963,0.820850067490443,-0.2836661054761753,0.7766662720561266,-1.84168391081341,1.375989227163671,0.9976333431017159
cl_ac121,0.45472051212029935,0.839084847149903,0.5419243520662259,0.5878706200733081,-1.1898555682668064,2.099296592507405,0.9683759186824015
cl_ac141,0.7939490536066384,0.8434087919327333,0.9413573360875759,0.34652176937729645,-0.8591018028259546,2.4469999100392315,0.9340841986985903
cl_ac142,-0.5562032492340072,0.690356181982509,-0.8056757710733432,0.4204298233912892,-1.909276502424304,0.7968700039562896,0.9340841986985903
cl_ac160,-0.3817760133607361,0.5144961367068686,-0.74203863959867,0.4580639249681498,-1.3901699114911943,0.6266178847697222,0.9340841986985903
cl_ac180,-0.3947325679637908,0.6518703230624999,-0.605538485184184,0.5448212614462127,-1.6723749237567802,0.8829097878291987,0.9528542680252253
cl_ac181,-0.13391386519695003,0.589405438238728,-0.22720161116448784,0.8202669749262527,-1.2891272964369038,1.0212995660430038,0.9976333431017159
cl_ac182,-0.41937452049079765,0.5090229839591509,-0.8238813053762862,0.41000700371012333,-1.417041236353843,0.5782921953722476,0.9340841986985903
cl_ce160,0.0577339387487953,1.2835538547451288,0.04497975564902132,0.9641234452718737,-2.4579853887692127,2.5734532662668035,0.9976333431017159
cl_ce161,0.5264198105995582,0.9318200485197171,0.5649372015936179,0.5721164788996524,-1.2999139245714528,2.352753545770569,0.9655612223062581
cl_ce180,-0.12378984201103689,0.5691019004765743,-0.2175178854742419,0.8278047700627243,-1.2392090704784204,0.9916293864563467,0.9976333431017159
cl_ce181,0.9213043714804892,1.2135260290092087,0.7591962178451946,0.44773518821531155,-1.4571629396794683,3.2997716826404466,0.9340841986985903
cl_ce182,0.7066240636349257,1.1736216900786356,0.6020884494624329,0.547115262700981,-1.5936321803942286,3.0068803076640798,0.9528542680252253
cl_ce183,0.12770728876204016,1.0612929731521175,0.1203317952654866,0.9042203181179791,-1.9523887156615443,2.2078032931856244,0.9976333431017159
cl_ce203,-0.8168496776222727,1.1432445421424606,-0.7145012702982004,0.47491727094293595,-3.0575678057434788,1.4238684504989336,0.9340841986985903
cl_ce204,-0.278463533347517,1.2326296394936342,-0.2259101391249282,0.8212713117862068,-2.6943732330316306,2.1374461663365962,0.9976333431017159
cl_ce222,-0.28592885388308936,0.9346853165802675,-0.3059092175848199,0.7596737675754431,-2.117878411258832,1.5460207034926532,0.9976333431017159
cl_ce226,1.3720721735468442,1.0202627422978772,1.3448223841405866,0.17868259981849702,-0.627606056125065,3.371750403218753,0.9340841986985903
cl_cerd341,-0.03848185144604513,0.8951248959653405,-0.04299048280245258,0.9657091204644992,-1.792894409203275,1.7159307063111846,0.9976333431017159
cl_cerd361,-0.41017408565048347,0.9892109236990756,-0.414647751883562,0.6783997858732299,-2.3489918692142706,1.5286436979133038,0.9918246109575185
cl_cerd381,9.658640999119516e-4,1.1718930574863162,8.241913319153097e-4,0.9993423905355686,-2.2959023223057944,2.2978340505056183,0.9993423905355686
cl_cerd401,-1.0350496998926753,0.8795064352317261,-1.1768529011615108,0.2392542236139839,-2.7588506371180674,0.6887512373327171,0.9340841986985903
cl_cerd411,0.4159101168754545,1.4036982778413145,0.2962959515167777,0.7670040774458594,-2.3352879528544195,3.1671081866053283,0.9976333431017159
cl_cerd421,-1.3695624213840931,1.3725142759696076,-0.9978493086467686,0.31835243578109274,-4.059640970551592,1.3205161277834057,0.9340841986985903
cl_cerd422a,0.0387443024832984,1.1030646422820705,0.035124235695872204,0.9719806760424086,-2.1232226690091176,2.200711273975714,0.9976333431017159
cl_cholesterol,-0.6698686199418383,1.2109400128011603,-0.55318068018273725,0.5801396948991863,-3.043267432470584,1.703530192586907,0.9655612223062581
cl_dg340,-0.30045445624258427,0.8895197643726416,-0.33777153501978463,0.7355353622241356,-2.0438811579495164,1.442972245464348,0.9976333431017159
cl_dg341,0.9650030483101724,0.8940908304908505,1.0793120960432974,0.280448622418337,-0.7873827783594005,2.7173888749797452,0.9340841986985903
cl_dg342,0.5494157122974955,0.5373849103458059,1.0223876810086607,0.30659744871597716,-0.5038393578155697,1.6026707824105606,0.9340841986985903
cl_dg343,1.237798259574332,0.8320583294837468,1.487633998378849,0.13684744225132928,-0.3930060992503732,2.868602618399037,0.9340841986985903
cl_dg361,-0.0781558034380174,0.5476302283380825,-0.14271637939928963,0.8865141802506855,-1.151491327826105,0.9951797209500701,0.9976333431017159
cl_dg362,0.8206592089861415,0.9299795584709859,0.8824486533181632,0.3775342351094868,-1.0020672319754518,2.643385649947735,0.9340841986985903
cl_dg363,1.3182964759578701,0.7401008483085956,1.7812389743514896,0.07487341913956254,-0.1322745316545186,2.7688674835702587,0.9340841986985903
cl_dg364a,0.8816516290069976,0.5339298304207262,1.65124999349123,0.09868753862144737,-0.16483160888920417,1.9281348669031992,0.9340841986985903
cl_dg385,0.4842520778528571,0.3755989355379526,1.2892796864807026,0.19730087040006133,-0.25190830843311124,1.2204124641388254,0.9340841986985903
cl_glc_cerd341,-1.6046754726686039,0.8928233881972285,-1.7973044768783815,0.07228729588614086,-3.354577158090195,0.14522621275298708,0.9340841986985903
cl_glc_cerd1,-0.755493506654459,0.9932599091797825,-0.760620155582775,0.44688397746087677,-2.7022471559343573,1.1912601426254392,0.9340841986985903
cl_glc_cerd2,-1.348932285791247,1.2525757231280834,-1.076926736550929,0.2815129974386073,-3.803935591031504,1.1060710194490102,0.9340841986985903
cl_glc_cerd3,-0.5854060758446069,1.1646633297139302,-0.5026397422407014,0.6152175822776128,-2.8681042561984076,1.6972921045091938,0.9800804902715744
cl_lactosylceramided18124115z,-0.9229160835634302,0.5450662465976706,-1.69321819012701,0.09041394342802324,-1.991226296083292,0.1453941289564316,0.9340841986985903
cl_lpc1,-0.9531606202131926,0.93022433804956,-1.024656721207407,0.305525190687781,-2.776366820332942,0.8700455799065567,0.9340841986985903
cl_lpc150,-1.3202622625055238,1.0753050010022602,-1.227802587428633,0.21952108414330204,-3.42782133686576,0.7872968118547125,0.9340841986985903
cl_lpc2,-0.6986930367056329,1.1266544951247828,-0.6201484481080858,0.535160057963398,-2.9068952701703643,1.5095091967590988,0.9528542680252253
cl_lpc3,-0.317049823421756,0.7281582258460549,-0.43541336507374123,0.6632624109684988,-1.7442137211266062,1.1101140742830942,0.9846580854192837
cl_lpc171,-0.938300189008453,0.9510868285113172,-0.9865557600846199,0.3238604671123026,-2.802396119061057,0.9257957410441507,0.9340841986985903
cl_lpc180,-0.323099925003297,0.7165677424202058,-0.4508993440201868,0.652062096330502,-1.7275468926300745,1.0813470426234804,0.9832033490124498
cl_lpc4,-0.6422391823418356,1.1059997647828272,-0.5806865451440172,0.561451731493209,-2.809958888225948,1.5254805235422764,0.9644938673151198
cl_lpc5,-1.1569804947386402,0.9388499157573204,-1.2323380716345547,0.2178228237517279,-2.9970925165114517,0.6831315270341711,0.9340841986985903
cl_lpc183,-1.0804084899888562,0.7510714947385888,-1.4384895413517105,0.15029520284267145,-2.552481569491155,0.39166458951344224,0.9340841986985903
cl_lpc200,-0.1402784967227013,1.0079746834394285,-0.139168670629743,0.8893168647671673,-2.1158725735921426,1.8353155801467402,0.9976333431017159
cl_lpc6,-1.884151523712483,1.1254726475103674,-1.6740980137370483,0.09411133808430304,-4.090037378417746,0.3217343309927798,0.9340841986985903
cl_lpc7,-1.3050864172814722,0.967300603944487,-1.3492045926153176,0.17727126004757018,-3.2009607632365094,0.5907879286735649,0.9340841986985903
cl_lpc8,-1.4026707513661922,0.9583474059167442,-1.463634943556208,0.1432937195743742,-3.280997151640398,0.47565564890801376,0.9340841986985903
cl_lpc205,0.5771121082939715,0.5863721210319781,0.9842079587247267,0.32501327341726755,-0.5721561304670668,1.7263803470550099,0.9340841986985903
cl_lpc224,-1.9074967877906135,1.0869901355403264,-1.7548427767860337,0.07928620437872733,-4.0379583049999646,0.22296472941873785,0.9340841986985903
cl_lpc9,0.16584813945283022,0.9069110068116237,0.18287145950063308,0.8548988772572197,-1.6116647710809116,1.9433610499865719,0.9976333431017159
cl_lpc226,-0.4967018518836988,1.0428684852350814,-0.47628426682366687,0.6338718725550354,-2.540686523556299,1.5472828197889015,0.9800804902715744
cl_lpe180,0.043529091472101974,0.3869232076625402,0.11250059600991007,0.9104264971962204,-0.714826460329189,0.8018846432733929,0.9976333431017159
cl_lpe1,-0.34729130085558985,0.7605909864140891,-0.45660717397262685,0.6479534218427456,-1.8380222411929976,1.143439639481818,0.9800804902715744
cl_pc180e_pc160e20,-0.6157622979552645,1.1031935638889712,-0.558163424906671,0.5767327938124587,-2.7779819511540347,1.5464573552435055,0.9655612223062581
cl_pc341e,-0.6979169446443284,1.4175411552908517,-0.4923433383499398,0.6224766477985617,-3.476246555617697,2.0804126663290403,0.9800804902715744
cl_pc342e,-0.35502271590390555,1.6241524570549333,-0.2185895261013035,0.8269698124653677,-3.5383030371338107,2.828257605326,0.9976333431017159
cl_pc280,-0.93005901363547006,0.9957030463065514,-0.9340726806907135,0.3502664030610647,-2.881601123693128,1.021483096422188,0.9340841986985903
cl_pc300,0.20443226440244605,1.0459170621015914,0.19545743329941898,0.8450348582508028,-1.845527508132616,2.254392036937508,0.9976333431017159
cl_pc310,-0.521015235459099,1.064169998651746,-0.4895977485920493,0.6244185699293395,-2.606750106244559,1.5647196353263606,0.9800804902715744
cl_pc311,0.3957568813780465,0.6323426541344055,0.6258582728691392,0.5314079059112199,-0.8436119466138559,1.635125709369949,0.9528542680252253
cl_pc1,0.13452939590277757,1.1848813742763047,0.11353828224782814,0.9096038144443571,-2.187795423631103,2.4568542154366586,0.9976333431017159
cl_pc2,0.011666250644197247,0.8729305156110573,0.013364466513157456,0.9893370159241549,-1.699246120959454,1.7225786222478487,0.9976333431017159
cl_pc3,0.29600087194414415,1.1618294419174198,0.2547713642508839,0.7988996936019598,-1.9811429903922684,2.573144734280557,0.9976333431017159
cl_pc330,-0.7299639998186537,0.8207099821151476,-0.8894299030424586,0.37377208003036666,-2.3385260065168545,0.8785980068795469,0.9340841986985903
cl_pc4,-0.609939738595936,1.1590573870098302,-0.5262377389004665,0.5987230360024851,-2.881650473150306,1.661770995958434,0.9729249335040383
cl_pc5,0.3460136002928895,0.9803443173220302,0.35295109501739336,0.7241251044148761,-1.5754259541067954,2.2674531546925745,0.9976333431017159
cl_pc6,-1.4987571561477915,1.6044413788668341,-0.9341302062443166,0.350236732208952,-4.64340447403257,1.6458901617369865,0.9340841986985903
cl_pc7,-1.0355816721266362,1.9582770361430692,-0.528822864698587,0.5969283348698363,-4.873734134718893,2.8025707904656203,0.9729249335040383
cl_pc8,0.09196494395410884,1.2627898059517628,0.07282680262436471,0.9419439421735978,-2.3830575957556692,2.5669874836638873,0.9976333431017159
cl_pc343a,1.1071774704975421,1.1987790498626423,0.9235876040913494,0.35570107018399477,-1.242386292654382,3.456741233649466,0.9340841986985903
cl_pc343b,1.2726374152710547,1.076213063121904,1.1825143727389429,0.23700166601073808,-0.8367014281394087,3.381976258681518,0.9340841986985903
cl_pc343c,-1.1087472892959582,0.8735096726991796,-1.2693016734089333,0.20433348976035082,-2.8207947879337203,0.6033002093418038,0.9340841986985903
cl_pc9,-1.3175006676911571,1.4096453449699016,-0.9346327233246658,0.34997760893355334,-4.080354774806704,1.4453534394243894,0.9340841986985903
cl_pc10,-2.4991177676822587,1.6980233976033627,-1.4717805250561227,0.14108015427233297,-5.827182471891185,0.8289469365266681,0.9340841986985903
cl_pc352a,-0.2853223062972607,0.9461249924564386,-0.30156935771929466,0.7629803700387446,-2.13969321638511,1.5690486037905886,0.9976333431017159
cl_pc352b,-0.6588003259036642,1.226363090675308,-0.5371984291706706,0.5911305562068212,-3.062427815596496,1.7448271637891675,0.970422517185942
cl_pc353,-0.1443709065836763,1.2027631906950425,-0.12003269446602242,0.9044572487475893,-2.50174344227644,2.2130016291090873,0.9976333431017159
cl_pc11,0.3681151933194744,0.8779084492096876,0.41930931824481216,0.6749900873741714,-1.3525537488549242,2.088784135493873,0.9918246109575185
cl_pc12,-1.2330364654428387,1.3623295816463512,-0.9050940991479727,0.3654155379863683,-3.9031533805432055,1.437080449657528,0.9340841986985903
cl_pc13,0.1770453973783959,1.2840082922060683,0.1378849330281289,0.8903313583622237,-2.339564611196279,2.6936554059530713,0.9976333431017159
cl_pc363a1,0.7039792054868742,1.0012236043044576,0.7031188662156275,0.4819816757424864,-1.2583829994212445,2.6663414103949927,0.9340841986985903
cl_pc363b,-2.1618789823573277,1.5220848976548285,-1.420340603660328,0.1555085456797043,-5.145110563173125,0.8213525984584695,0.9340841986985903
cl_pc364a1,0.2510988306251498,1.1788302831169841,0.21300676969479534,0.8313216824008903,-2.059366068169294,2.5615637294195936,0.9976333431017159
cl_pc364b1,-0.06143885545643068,1.023265088995831,-0.06004197359720634,0.9521222048766508,-2.067001576525432,1.944123865612571,0.9976333431017159
cl_pc364c,-2.2232805508842546,2.0988541277446204,-1.0592830256733181,0.28947090305154405,-6.336959050066939,1.89039794829843,0.9340841986985903
cl_pc365c,-0.17796890339124913,1.2605919073847192,-0.14117884015333038,0.8877286617486696,-2.6486836410679495,2.292745834285451,0.9976333431017159
cl_pc365d,1.2356835910131987,0.5562698787597886,2.2213742612995193,0.02632562284729168,0.145414662959551,2.3259525190668464,0.9340841986985903
cl_pc365a1,1.8580575178900958,0.9753362184574267,1.905043084351737,0.05677447083281684,-0.05356634310395031,3.769681378884142,0.9340841986985903
cl_pc366,0.9400304086494139,1.1548408976720412,0.8139912697449078,0.41564995231938295,-1.3234161586616922,3.20347697596052,0.9340841986985903
cl_pc14,-1.3518156027507762,1.1073531257367388,-1.2207628906554924,0.22217580805743894,-3.5221878473626376,0.8185566418610852,0.9340841986985903
cl_pc373,-1.2323131937745295,1.0238894780897068,-1.2035607554769325,0.2287593955323231,-3.239099694979867,0.7744733074308081,0.9340841986985903
cl_pc15,-1.057222010300799,1.1146990307037954,-0.9484371845495311,0.34290693690900703,-3.2419919640819455,1.1275479434803473,0.9340841986985903
cl_pc375,1.4459601541639289,0.9285888477138873,1.5571586474722037,0.11943282365340276,-0.37404054380083873,3.2659608521286962,0.9340841986985903
cl_pc376,-0.06862196474634412,1.0109896706644788,-0.06787602953573398,0.9458843203958134,-2.0501253079907324,1.912881378498044,0.9976333431017159
cl_pc16,-2.990916340817697,1.4574495424420402,-2.0521577273997735,0.04015433622642954,-5.847464953288476,-0.134367728346918,0.9340841986985903
cl_pc17,-2.3542574936816294,1.5366464146800816,-1.5320749595942462,0.12550393812729152,-5.3660291234271895,0.6575141360639307,0.9340841986985903
cl_pc384a1,-0.3311737504626356,1.136515338130951,-0.2913940000205059,0.770750002841465,-2.5587028810766608,1.8963553801513895,0.9976333431017159
cl_pc384b,-2.2704762121356556,1.1956948723046825,-1.8988759295750341,0.057580790831573525,-4.613995098352052,0.07304267408074051,0.9340841986985903
cl_pc384c,-2.2102458094517297,1.9037975597577863,-1.1609668255551981,0.24565539077533366,-5.941620460432231,1.521128841528772,0.9340841986985903
cl_pc385a1,3.0374187973500253,1.8177718984502935,1.6709570655919581,0.09473015854982528,-0.5253486557215495,6.600186250421601,0.9340841986985903
cl_pc385b1,-1.3885260635595864,1.0245963934803899,-1.3551931984095569,0.17535601114720212,-3.3966980934707802,0.6196459663516072,0.9340841986985903
cl_pc386a,-1.2354909073121456,1.2810963727297413,-0.9644012219623882,0.3348448098363327,-3.7463936585873387,1.2754118439630477,0.9340841986985903
cl_pc386b,0.3633047836028223,1.973800445683592,0.1840635837312307,0.853963574307799,-3.505273002606124,4.231882569811769,0.9976333431017159
cl_pc387,0.9438667400295276,1.3366550919274465,0.706140832986675,0.4801005606949711,-1.6759290999003418,3.5636625799593973,0.9340841986985903
cl_pc394,-0.5120268874063157,0.8015790075786733,-0.6387728253425616,0.522970728911743,-2.0830928730238742,1.0590390982112425,0.9528542680252253
cl_pc396,-0.11256861444118994,0.7749441274048597,-0.1452602974335205,0.8845053602442478,-1.6314311941855337,1.4062939653031539,0.9976333431017159
cl_pc18,-3.1244977885691543,1.3285369494020187,-2.351833563963356,0.018681131635988127,-5.728382361527823,-0.5206132156104859,0.9340841986985903
cl_pc405a1,0.39588179486383673,0.9029901134345365,0.4384121032710916,0.6610875742824187,-1.3739463058635926,2.165709895591266,0.9846580854192837
cl_pc405b1,-1.8973791155894504,0.7969414845860574,-2.3808261362814807,0.017273862677507728,-3.459355723164005,-0.33540250801489563,0.9340841986985903
cl_pc406a1,-0.8615481289110339,1.8094736692479527,-0.4761318960054874,0.6339804147207259,-4.408051351610562,2.6849550937884947,0.9800804902715744
cl_pc406b1,-0.11142880460655012,0.9268365221971218,-0.12022487454680944,0.9043050136475622,-1.9279950076692667,1.7051373984561664,0.9976333431017159
cl_pc407a,-2.0026454555076345,1.118630378429767,-1.7902655730830128,0.0734112279573459,-4.195120709242389,0.18982979822711996,0.9340841986985903
cl_pc407b,2.131459561617819,1.3255057680326496,1.6080349199697463,0.1078275310608279,-0.466484005026277,4.7294031282619144,0.9340841986985903
cl_pc19,-0.7882509526634499,0.9770181664499079,-0.8067925241632279,0.4197860269405528,-2.7031713711466288,1.1266694658197287,0.9340841986985903
cl_pc4210,-1.170787288789198,1.168490218506192,-1.001965844682844,0.3163600892447426,-3.4609860333486724,1.1194114557702763,0.9340841986985903
cl_pc425,0.5280691894091962,0.9432591655261102,0.5598346760984416,0.5755922089584924,-1.3206848031092848,2.3768231819276773,0.9655612223062581
cl_pc426,-0.6947009939478289,0.8754350071913537,-0.793549479105969,0.42745775365685457,-2.410522078848445,1.0211200909527873,0.9340841986985903
cl_p_co1,-1.9046784732565203,1.3139237035308402,-1.4496111670245198,0.1471669801933104,-4.47992161061045,0.6705646640974092,0.9340841986985903
cl_p_co340,-2.176646479312538,1.2793986280291494,-1.7013043719341443,0.08888584745511899,-4.684221712119628,0.33092875349455175,0.9340841986985903
cl_p_cp320or_p_co1,-1.130619326665614,1.4413529026384413,-0.7844153396409582,0.43279644041495946,-3.9556191048492253,1.6943804515179974,0.9340841986985903
cl_p_cp321p_co322,0.8831802626669422,0.42135910942925403,2.0960274571095456,0.036079755335301646,0.057331583627732836,1.7090289417061513,0.9340841986985903
cl_p_cp341p_co342,-1.8790858467132783,1.2346911248403527,-1.5219076325313723,0.12803222645642603,-4.299035983431617,0.5408642900050602,0.9340841986985903
cl_p_cp342p_co343,-1.1058109756128365,1.2547214080941576,-0.8813199236733303,0.37814468533382173,-3.565019746108768,1.3533977948830953,0.9340841986985903
cl_p_cp361p_co362a,-1.100912951753574,1.1360547296179024,-0.9690668266693913,0.33251184783976295,-3.327539306271051,1.125713402763903,0.9340841986985903
cl_p_cp361p_co362b,0.028464930530413154,1.435684339988968,0.01982673331286171,0.9841815919729634,-2.7854246690161215,2.842354530076948,0.9976333431017159
cl_p_cp362p_co363,0.1851040265572017,0.9227259499565423,0.20060563655538197,0.8410069503357668,-1.6234056029581292,1.9936136560725326,0.9976333431017159
cl_p_cp363or_p_co1,-2.9720771896689167,1.7333619999210794,-1.7146315598266468,0.08641279870792656,-6.3694042816845515,0.42524990234671817,0.9340841986985903
cl_p_cp364p_co365,-1.8279557171357346,1.4535255072770334,-1.2576014029228433,0.20853594575085646,-4.676813362009032,1.0209019277375626,0.9340841986985903
cl_p_cp365p_co366,2.0914946872168527,0.9204522934044638,2.2722467011093763,0.023071614014944623,0.28744134265680943,3.895548031776896,0.9340841986985903
cl_p_cp382or_p_co383,-2.41843854828545,1.454300253119261,-1.6629568365255067,0.09632107594375514,-5.268814667106685,0.43193757053578524,0.9340841986985903
cl_p_cp383p_co384a,-2.226323089996615,1.4597853148417688,-1.5251030869823032,0.12723338738446432,-5.087449732246945,0.634803552253715,0.9340841986985903
cl_p_cp383p_co384b,-3.832738763542238,1.788555133834079,-2.1429245825517804,0.03211915469704756,-7.338242410221248,-0.32723511686322754,0.9340841986985903
cl_p_cp384p_co385a,-1.2394771625134648,1.8255735451154669,-0.6789521933147143,0.4971681535314005,-4.817535562068887,2.3385812370419568,0.9377956150925633
cl_p_cp385p_co386a,0.9398323687084258,1.4289187697419037,0.657722740165406,0.5107163073552012,-1.860796956818987,3.7404616942358384,0.9496461536853799
cl_p_cp385p_co386b,1.1692520178294288,1.6335498124942127,0.7157737149405544,0.4741310852287299,-2.032446781611386,4.370950817270243,0.9340841986985903
cl_p_cp386p_co387,1.145993949601021,1.4781277722988602,0.7753010065014287,0.4381618147692184,-1.7510832486531662,4.043071147855208,0.9340841986985903
cl_p_cp403p_co404,-2.6589486288412743,1.3962832606848885,-1.9043045947117048,0.0568705261804379,-5.395613531999807,0.07771627431725837,0.9340841986985903
cl_p_cp404p_co405,-1.0816484878728472,1.5915391721326082,-0.6796241693652284,0.4967424619395284,-4.2010079452374525,2.0377109694917577,0.9377956150925633
cl_p_cp405p_co406,-0.31221930406307974,1.4278129692575272,-0.21866960924541537,0.8269074243624054,-3.1106813004670277,2.486242692340868,0.9976333431017159
cl_p_cp406p_co407a,1.3095079515329984,1.5795272386709736,0.8290505661901902,0.40707579453626086,-1.786308548862111,4.405324451928108,0.9340841986985903
cl_p_cp406p_co407b,1.224472640439155,1.501694525371825,0.8153939564612658,0.4148468425911334,-1.7187945450705917,4.167739825948901,0.9340841986985903
cl_p_cp423or_p_co424,-2.8873881042028597,1.5030624908896706,-1.9210033659304475,0.05473128314477764,-5.833336452859676,0.058560244453957085,0.9340841986985903
cl_p_cp424p_co425,-1.2357382745496721,1.1240024419802654,-1.0994088877356447,0.27158975581582256,-3.438742579366064,0.9672660302667195,0.9340841986985903
cl_p_cp425p_co426a,-3.3690932699417333,1.2202526017102029,-2.7609801980507127,0.005762817038180468,-5.76074442133503,-0.9774421185484371,0.9340841986985903
cl_p_cp444p_co445,-1.301816451961932,1.1720964961351044,-1.1106734439140198,0.26670893696964953,-3.5990833707923264,0.9954504668684625,0.9340841986985903
cl_pe1,-0.586208056478187,0.6049053539687987,-0.969090540581368,0.3325000169512847,-1.7718007643124851,0.5993846513561113,0.9340841986985903
cl_pe2,0.025566745886711564,0.2298700337501977,0.11122261335940477,0.9114398200157303,-0.4249702413886825,0.47610373316210564,0.9976333431017159
cl_pe384,-0.2613908323344338,0.8770910215294868,-0.29802018937397834,0.76568775449532,-1.9804576456956728,1.4576759810268052,0.9976333431017159
cl_pe3,2.170330090985371,1.188957227983515,1.8254063644209269,0.06793972959478836,-0.15998325502089591,4.500643436991638,0.9340841986985903
cl_p_ep341p_eo342,-1.0430087975089464,0.7393048090713549,-1.4107967170118585,0.158304562804359,-2.4920195968860623,0.40600200186816987,0.9340841986985903
cl_p_ep361p_eo362,-0.0585935899677303,0.348265850413089,-0.16824385709431636,0.8663914396856345,-0.7411821138225986,0.6239949338871379,0.9976333431017159
cl_p_ep362p_eo363,-0.3948640556952437,0.3624320578004553,-1.0894843521613768,0.2759403515632981,-1.105217835826875,0.3154897244363876,0.9340841986985903
cl_p_ep364p_eo365,-1.2493085347991761,0.7472841382729474,-1.6717985446425507,0.09456405391259146,-2.713958532032202,0.21534146243385002,0.9340841986985903
cl_p_ep384p_eo385,-1.9057345853003766,1.0409506942712279,-1.8307635470041028,0.06713584346980342,-3.945960455753948,0.1344912851531944,0.9340841986985903
cl_p_ep385p_eo386,-0.9729262285147391,1.1663535935984408,-0.8341606129176158,0.4041904828470796,-3.2589372652065496,1.3130848081770712,0.9340841986985903
cl_p_ep404p_eo405a,-0.37291639370851126,0.45568798061403515,-0.8183590736933856,0.41315218370178824,-1.2660484238998064,0.5202156364827839,0.9340841986985903
cl_p_ep404p_eo405b,-0.5640799697222927,0.9107927274725449,-0.6193285834501752,0.5356999180415463,-2.349200912949485,1.2210409735048997,0.9528542680252253
cl_s_md1,-0.04202955554509594,0.7372271938606524,-0.05701031635173266,0.9545369772482368,-1.4869683039355028,1.4029091928453108,0.9976333431017159
cl_s_md2,0.0355123998224382,1.0704266064114667,0.033175931548909396,0.9735342913962282,-2.062485196837468,2.133509996482344,0.9976333431017159
cl_s_md422,-1.0413850104363302,1.1008303923232972,-0.9459995088239636,0.34414883675081154,-3.1989729324770906,1.1162029116044299,0.9340841986985903
cl_s_md443,-1.1771705116673992,1.4050438250749684,-0.8378176471503224,0.4021331260169097,-3.931005805514732,1.576664782179934,0.9340841986985903
cl_s_md3,-1.569969073729939,1.4370746238707222,-1.0924756777774485,0.2746240754008666,-4.386583579612998,1.2466454321531204,0.9340841986985903
cl_s_md4,0.43501414309397424,1.3868999854668935,0.3136593464939209,0.7537797803861088,-2.2832598785802607,3.153288164768209,0.9976333431017159
cl_s_md5,-0.3115474294178651,1.916566421478062,-0.16255498683818054,0.8708688307755621,-4.067948589493679,3.444853730657949,0.9976333431017159
cl_s_md6,-1.7193312301363488,1.791416305805354,-0.9597608465238355,0.3371755919883847,-5.230442670832634,1.791780210559936,0.9340841986985903
cl_s_md7,0.6134206881619209,1.8788566545302021,0.3264861567181682,0.7440565613480273,-3.069070686830689,4.295912063154531,0.9976333431017159
cl_s_md8,1.2837351648640642,1.7871908379621328,0.7182977539924386,0.4725737147431235,-2.219094511041675,4.786564840769803,0.9340841986985903
cl_s_md9,-0.5221434006751623,2.2714306532852193,-0.22987424243833945,0.818189491944044,-4.974065674494478,3.929778873144153,0.9976333431017159
cl_s_md10,-0.750898218445161,1.971311086359771,-0.38091310074848306,0.7032677310533938,-4.61459695003484,3.1128005131445176,0.9976333431017159
cl_s_md11,0.6145639960684794,1.2696876824899621,0.4840276900719938,0.6283662177350433,-1.8739781332259733,3.103106125362932,0.9800804902715744
cl_s_md12,0.01215787961820596,1.7490405556846291,0.006951170788287974,0.9944538128127193,-3.415898617023589,3.440214376260001,0.9978027669843637
cl_s_md13,-0.4903465974218972,1.333926551980691,-0.36759639928735377,0.7131742000803664,-3.104794597325747,2.124101402481953,0.9976333431017159
cl_s_md14,0.06427781578453064,1.4017610403476586,0.045855045142778925,0.9634257852377256,-2.683123338228277,2.8116789697973386,0.9976333431017159
cl_s_md15,-0.5376831444552437,1.2318693821658326,-0.4364773995031086,0.6624903932904546,-2.952102767157883,1.8767364782473956,0.9846580854192837
cl_s_md16,-1.1938676023098207,1.9026082540208182,-0.6274899731916949,0.5303381067131104,-4.922911256879258,2.5351760522596165,0.9528542680252253
cl_s_md17,-2.314880812933176,1.6813703182870103,-1.3767822518073174,0.1685795796898141,-5.6103060814503625,0.9805444555840109,0.9340841986985903
cl_s_md18,0.17064169286208017,1.580018054536369,0.1079998373260059,0.9139958212508745,-2.9261367889522454,3.2674201746764053,0.9976333431017159
cl_s_md19,0.1789370166348422,1.291623410740279,0.13853652322102658,0.8898164065369494,-2.3525983500048895,2.710472383274574,0.9976333431017159
cl_s_md20,-1.736331065631254,1.2899430182654297,-1.3460525318134415,0.17828557562399178,-4.264572923540388,0.7919107922778807,0.9340841986985903
cl_s_md21,-1.7469382422165483,1.6523083414182649,-1.0572713327326408,0.29038777266975,-4.985403082751458,1.4915265983183614,0.9340841986985903
cl_s_md402a1,1.413454341373303,1.644084200044049,0.8597213824787278,0.3899426450490082,-1.8088914782643777,4.635800161010984,0.9340841986985903
cl_s_md402b1,-3.075547754687174,1.5073601918986286,-2.0403535738948366,0.04131512240834838,-6.02991944253787,-0.1211760668364779,0.9340841986985903
cl_s_md22,1.0602969402953906,1.4044191107686277,0.7549718827986457,0.450265853087025,-1.6923139360108879,3.812907816601669,0.9340841986985903
cl_s_md412a,1.210815489676375,1.5230412800823898,0.7949984714865215,0.42661439128538314,-1.7742905662528894,4.195921545605639,0.9340841986985903
cl_s_md412b,0.20661394247578063,1.2804696500473125,0.16135793805667037,0.871811493069088,-2.3030604549135583,2.716288339865119,0.9976333431017159
cl_s_md23,-2.0150400581807455,1.1712803281645845,-1.7203738590388062,0.08536450559204761,-4.310707317183586,0.28062720082209497,0.9340841986985903
cl_s_md24,-2.6571985661495288,1.4759465543681916,-1.8003352210046628,0.07180772269023977,-5.550000655817172,0.23560352351811487,0.9340841986985903
cl_s_md25,1.2858309015649343,1.5762596222869978,0.8157481695174809,0.41464418270178593,-1.8035811884022899,4.375242991532159,0.9340841986985903
cl_s_md26,-1.1905403407669868,1.5205136655291456,-0.7829856237120193,0.43363555430684303,-4.170692363205093,1.7896116816711196,0.9340841986985903
cl_s_md27,-0.6362667626402518,0.8810493575047678,-0.7221692601220797,0.4701904201659801,-2.3630917719517504,1.090558246671247,0.9340841986985903
cl_s_md28,0.3867330665665277,1.1725655267236184,0.3298178717970133,0.7415375825701516,-1.911453135325002,2.6849192684580574,0.9976333431017159
cl_s_md29,-0.5444277680486691,1.1898237143009744,-0.4575701101810047,0.647261321623632,-2.8764393960302534,1.787583859932915,0.9800804902715744
cl_tag462tag120161181,0.3686984506689813,0.6461686330926303,0.5705916873500222,0.5682764546494908,-0.8977687981320502,1.6351656994700128,0.9655612223062581
cl_tag504tag161161182,0.4196823387322492,0.6215867880708831,0.6751789883352386,0.49956205437228757,-0.7986053791526126,1.6379700566171111,0.9386302662229309
cl_tag525tag161182182,0.4308211805524671,0.6090302615893669,0.7073887912041789,0.4793249005754926,-0.7628561976576995,1.6244985587626337,0.9340841986985903
cl_tag546tag160160226,0.463114063031265,0.5555249232491006,0.8336512794469204,0.40447752010655014,-0.6256947790513497,1.5519229051138796,0.9340841986985903
cl_tag420,-0.6239509911461917,1.0443339549275799,-0.5974630894668747,0.5501982431107372,-2.6708079306365238,1.4229059483441406,0.9528542680252253
cl_tag421,-0.06294598647108147,0.3606531479543887,-0.1745333066635042,0.861446357511456,-0.7698131673726787,0.6439211944305157,0.9976333431017159
cl_tag422,-0.30281619184231984,0.3705355141345267,-0.817239320634673,0.4137916758374439,-1.029052454539024,0.42342007085438443,0.9340841986985903
cl_tag423,-0.47869602433951847,0.7155822168007648,-0.6689602020571158,0.5035208654566936,-1.88121139724635,0.9238193485673132,0.9423873007185589
cl_tag440,-0.09850711760753182,1.1073796061478804,-0.08895514876799808,0.9291175548472179,-2.268931262871527,2.0719170276564634,0.9976333431017159
cl_tag441,0.4284759173320963,0.7692980767699469,0.5569699577712957,0.5775479552755727,-1.0793206065129288,1.9362724411771213,0.9655612223062581
cl_tag460,-0.4245119600232498,0.9170293979778413,-0.46292077545098237,0.6434211553118132,-2.221856552824266,1.3728326327777667,0.9800804902715744
cl_tag461,0.15470478267400528,0.7417411670201959,0.2085697673967623,0.8347841136198456,-1.2990811905362871,1.6084907558842978,0.9976333431017159
cl_tag464b,0.3686840327619276,0.8886688394068148,0.41487224083160573,0.6782354319460423,-1.3730748866584381,2.1104429521822934,0.9918246109575185
cl_tag480,-0.2936127209436604,0.8030875937793985,-0.36560485209576454,0.7146599539723307,-1.8676354811822145,1.2804100392948934,0.9976333431017159
cl_tag481,0.22080536932518055,0.8026481496961875,0.27509609211552805,0.7832424138406895,-1.3523560963370604,1.7939668349874216,0.9976333431017159
cl_tag482,0.36218038393664803,0.7422302848432882,0.4879622825052436,0.6255765572651617,-1.0925642425911022,1.8169250104643981,0.9800804902715744
cl_tag483,0.11417041750909143,0.48703269685530753,0.23442043675151916,0.814658594375794,-0.8403961276207251,1.068736962638908,0.9976333431017159
cl_tag484a,0.8672688135532315,0.4704297782914664,1.8435669967641666,0.06524626948380745,-0.054756609153205044,1.789294236259668,0.9340841986985903
cl_tag484b,-0.0861174017765948,0.5002133285862684,-0.17216134967851562,0.8633106826253208,-1.0665175103925806,0.8942827068393909,0.9976333431017159
cl_tag490,-0.9879150872122291,1.2016611850371473,-0.8221244885942534,0.41100604941229446,-3.343127731504759,1.3672975570803008,0.9340841986985903
cl_tag491,-0.02135864744905568,0.8275038690036176,-0.025810933639226652,0.979408140972225,-1.6432364277636966,1.6005191328655852,0.9976333431017159
cl_tag492,0.17890475516025908,0.7012192496974693,0.2551338333017026,0.7986197334378468,-1.1954597195129795,1.5532692298334978,0.9976333431017159
cl_tag493,-0.06454198568262022,0.5979218862651146,-0.10794384210582775,0.9140402393054456,-1.2364473483304987,1.1073633769652584,0.9976333431017159
cl_tag501,0.4355119989583901,0.8977459670013869,0.485117187897896,0.6275932204440227,-1.3240377636304115,2.195061761547192,0.9800804902715744
cl_tag502,0.6267757928922119,0.8873302087405619,0.7063613824010684,0.4799634299101592,-1.1123594586336973,2.3659110444181213,0.9340841986985903
cl_tag503a,0.4671396102053928,0.6761969200162821,0.6908336852438556,0.48967006410752945,-0.8581819994834312,1.792461219894217,0.9377956150925633
cl_tag504,0.02472358387204397,0.5907904981936345,0.04184830992989446,0.9666196229657513,-1.1332045149959553,1.182651682740043,0.9976333431017159
cl_tag505,-0.09524706028189905,0.6596330533673399,-0.1443940078437176,0.8851893482736841,-1.3881040878940725,1.1976099673302742,0.9976333431017159
cl_tag506,0.5860110036810936,0.5724074619284474,1.02376548640162,0.3059460557983008,-0.5358870061806452,1.7079090135428325,0.9340841986985903
cl_tag511,0.025130902323767867,0.7219233108882099,0.03481104148423792,0.972230416137631,-1.389812786617036,1.4400745912645716,0.9976333431017159
cl_tag512,0.2888329803003384,0.8067507998123679,0.3580200730727685,0.7203282917509719,-1.2923695318307853,1.8700354924314622,0.9976333431017159
cl_tag513,0.21099463934305468,0.6677770417868945,0.3159656983391602,0.7520285441241736,-1.0978243122619569,1.5198135909480661,0.9976333431017159
cl_tag514,-0.030678134814145924,0.6870244472234188,-0.04465362904934511,0.9643833954586978,-1.3772213078705855,1.3158650382422938,0.9976333431017159
cl_tag515,-0.058663248087759766,0.5223570862202097,-0.11230487655915353,0.9105816753317278,-1.0824643241486545,0.965137827973135,0.9976333431017159
cl_tag521,-0.2775965489430153,0.7144828112421182,-0.38852795977053334,0.6976253670983612,-1.6779571265504962,1.1227640286644658,0.9976333431017159
cl_tag522,1.738006436467608,0.8529721471605312,2.037588732824721,0.04159107978022287,0.06621174821716845,3.4098011247180473,0.9340841986985903
cl_tag523,0.7344570212373578,0.7482385683107141,0.9815813463017943,0.3263061409596502,-0.7320636244954546,2.20097766697017,0.9340841986985903
cl_tag524,0.30433831828103364,0.5476088764120381,0.5557585557689899,0.5783759209184892,-0.7689553571010065,1.3776319936630737,0.9655612223062581
cl_tag525,-0.014839513966545016,0.6292535607833708,-0.023582725456604486,0.9811854514086844,-1.2481538302455373,1.2184748023124474,0.9976333431017159
cl_tag526,0.23708863949677847,0.6438892471476256,0.36821338537188014,0.7127141303347247,-1.0249110949451774,1.4990883739387342,0.9976333431017159
cl_tag530,-1.1052178515091902,1.1096934019283113,-0.9959668585833312,0.3192662481049766,-3.28017695317041,1.06974125015203,0.9340841986985903
cl_tag531,-0.8406549407919629,0.8030463988469382,-1.0468323399482586,0.29517691193111506,-2.414596960446549,0.7332870788626232,0.9340841986985903
cl_tag532,0.09228822014950878,0.49731366637446434,0.18557346477588682,0.8527792641242415,-0.8824286549640092,1.0670050952630268,0.9976333431017159
cl_tag533,0.5324705401734435,0.7328546359904021,0.7265704739028451,0.46748912115153085,-0.9038981522709555,1.9688392326178425,0.9340841986985903
cl_tag534,0.19772736560467805,0.6842113045528224,0.2889858210306917,0.7725922280436888,-1.1433021491340198,1.538756880343376,0.9976333431017159
cl_tag541,-0.5453416970395734,0.6756418743524123,-0.8071460898753074,0.4195823208398438,-1.8695754372174376,0.778892043138291,0.9340841986985903
cl_tag542,0.08428220424478308,0.781506937397289,0.1078457531362094,0.9141180487581104,-1.447443246722102,1.616007655211668,0.9976333431017159
cl_tag543,2.09671153135036,0.8849512177453607,2.369296170575671,0.017821975557712467,0.3622390164945904,3.83118404620613,0.9340841986985903
cl_tag544,0.5945207573898211,0.6577108597139724,0.9039241919289099,0.3660356002911065,-0.6945688398904403,1.8836103546700826,0.9340841986985903
cl_tag545a,0.38226731872736003,0.6189602967489679,0.6175958631517788,0.5368417722156398,-0.8308725707608411,1.595407208215561,0.9528542680252253
cl_tag545b,0.11670631900040988,0.6954364242308957,0.1678173804736773,0.8667269487737124,-1.2463240260294635,1.4797366640302831,0.9976333431017159
cl_tag546b,-0.03690764578633251,0.5839098185782232,-0.06320778416810985,0.9496010463066973,-1.1813498604189667,1.1075345688463019,0.9976333431017159
cl_tag547a,0.3736156413405531,0.31308899341537577,1.193320906190006,0.23274371786104334,-0.24002750970948142,0.9872587923905877,0.9340841986985903
cl_tag547b,0.7661806567793878,0.5672961468967235,1.3505832200176593,0.1768289789795392,-0.3456993597065339,1.8780606732653096,0.9340841986985903
cl_tag548,0.6741623994405765,0.6036167317616132,1.1168716239410408,0.264049218952525,-0.5089046552779597,1.8572294541591128,0.9340841986985903
cl_tag549,0.7658744871220597,0.5837916776698804,1.311896891334485,0.18955492656112582,-0.3783361755851216,1.910085149829241,0.9340841986985903
cl_tag551,0.004527496613997436,0.8456657212278188,0.005353766269991387,0.9957283329573691,-1.6529468599526165,1.6620018531806113,0.9978027669843637
cl_tag552,0.13259453349312295,0.8613068189351099,0.15394576076508748,0.8776525022679212,-1.5555358112584534,1.8207248782446992,0.9976333431017159
cl_tag553,0.3399669291807936,0.761466239295574,0.44646356153004774,0.6552624281721173,-1.1524794752816896,1.8324133336432769,0.9846580854192837
cl_tag560,-0.8462967732313027,1.142475010844732,-0.7407573602905864,0.4588405731338471,-3.0855066477239843,1.392913101261379,0.9340841986985903
cl_tag561,-0.008352117591561879,0.9230036931609514,-0.009048845257551374,0.9927801646046529,-1.8174061137844852,1.8007018786013613,0.9978027669843637
cl_tag562,0.17905996215471104,1.0003740687068732,0.17899300647224062,0.8579431930421768,-1.7816371835785574,2.1397571078879793,0.9976333431017159
cl_tag563,0.28462314335543243,0.8940118885785646,0.31836617274516266,0.7502071946365152,-1.4676079600091894,2.036854246720054,0.9976333431017159
cl_tag564,0.13542360308991214,0.9462696666793539,0.14311311865796159,0.8862008444021091,-1.7192308632643427,1.9900780694441669,0.9976333431017159
cl_tag565a,-0.25918052766232286,0.7063129877374597,-0.3669485513675159,0.7136573949716353,-1.6435285454406243,1.1251674901159785,0.9976333431017159
cl_tag565b,-0.26238613546209905,0.7090132700981373,-0.37007224903672276,0.711328658604065,-1.6520266094154175,1.1272543384912193,0.9976333431017159
cl_tag565c,0.1234911162147322,0.7330193710294859,0.1684691034034962,0.8662142481616476,-1.3132004509732629,1.5601826834027275,0.9976333431017159
cl_tag566,0.5077991946094856,0.7806951405301841,0.6504449281759717,0.5154048641698237,-1.0223351637351112,2.0379335529540823,0.9528542680252253
cl_tag567a,0.13450695082022177,0.6559518651477859,0.20505612982732713,0.8375282713842029,-1.1511350804613127,1.420148982101756,0.9976333431017159
cl_tag567b,0.7866385050684954,0.6109879578163872,1.2874861034575322,0.1979249101579059,-0.4108758872393011,1.9841528973762919,0.9340841986985903
cl_tag568a,0.5613939172273701,0.5126544149623076,1.0950728226316866,0.27348473402385876,-0.4433902726142043,1.5661781070689444,0.9340841986985903
cl_tag569,0.6033701810896902,0.5643122730289727,1.0692132883289467,0.2849735723162467,-0.5026615500810299,1.70940191226041,0.9340841986985903
cl_tag571,-0.19723733456505863,0.8467230666345745,-0.23294196454220556,0.8158064716326601,-1.8567840500481327,1.4623093809180154,0.9976333431017159
cl_tag572,0.5143797891591423,0.8075546243584333,0.6369597469246052,0.5241510636215178,-1.0683981901321586,2.0971577684504434,0.9528542680252253
cl_tag581,0.08470169572938037,0.955065702449337,0.08868677360327837,0.9293308442480269,-1.7871926839407672,1.9565960753995282,0.9976333431017159
cl_tag582,0.2750618272547527,0.27158678846282336,1.0127953160446352,0.31115793847146345,-0.2572384968092793,0.8073621513187846,0.9340841986985903
cl_tag583,0.3239010914378846,1.0147215870694697,0.31920193239735395,0.7495733917132733,-1.6649166735536,2.3127188564293695,0.9976333431017159
cl_tag584,-0.05894713055696615,0.7224962187651571,-0.08158815094937755,0.9349742240520063,-1.4750136983030457,1.3571194371891133,0.9976333431017159
cl_tag585,-0.37858349436386035,0.6909191929680804,-0.5479417827973849,0.5837318778038476,-1.7327602288087773,0.9755932400810565,0.9681788350846692
cl_tag586,0.5185654871831641,0.7896051177275187,0.6567402813644294,0.5113479289075122,-1.0290321055712814,2.06616307993761,0.9496461536853799
cl_tag588,1.0285758077783322,0.7546681984135082,1.3629510425119846,0.17289794055284904,-0.45054668138987103,2.5076982969465353,0.9340841986985903
cl_tag589,0.6117210053200574,0.6483108397478184,0.9435612792746241,0.34539388689512807,-0.658944891372585,1.8823869020126995,0.9340841986985903
cl_tag592,1.3806581417351214,0.7518393222882149,1.8363739442798803,0.0663023704063385,-0.0929198521107819,2.854236135581025,0.9340841986985903
cl_tag593,1.0689849808056446,0.784964352861555,1.3618261477845512,0.17325275752497377,-0.4695168799507931,2.6074868415620824,0.9340841986985903
cl_tag601,0.011147612917618545,0.7802193887641033,0.01428779273900996,0.9886003786219708,-1.5180542890998787,1.5403495149351156,0.9976333431017159
cl_tag602,0.32592563041102673,0.8556662506734686,0.38090275286012587,0.7032754097183516,-1.351149403695393,2.0030006645174465,0.9976333431017159
cl_tag603,0.6426993321893066,0.8551073773310627,0.7516007336941495,0.45229120197937644,-1.033280330294078,2.318678994672691,0.9340841986985903
cl_tag604,-0.7600522926503119,0.8501762049847619,-0.8939938429162867,0.37132518546735604,-2.4263670349333872,0.9062624496327634,0.9340841986985903
cl_tag606,-0.38539840043629264,0.8436776870827102,-0.456807624922419,0.6478093247396961,-2.038976281678458,1.2681794808058724,0.9800804902715744
cl_tag621,0.39032622941209333,0.7161655181537423,0.545022371948799,0.58573813099717,-1.0133323931387075,1.793984851962894,0.9681788350846692
cl_tag622,0.5326814455468467,0.6670444261182294,0.798569667460848,0.4245399817059843,-0.7747016057330718,1.8400644968267652,0.9340841986985903
cl_tag623,0.5343426422430698,0.7558981665962324,0.7068976561342716,0.4796300806633543,-0.9471905402654032,2.015875824751543,0.9340841986985903
